name: 'n_model_large'
lam_type: 'constant'
lam_params: {val: [0.7215167921768822, 0.7338584206701814, 0.9288943550280351, 0.30960594846150424, 0.35405820140100197]}
network: [[1, 1, 0, 0, 0], [1, 1, 0, 0, 1], [1, 0, 1, 0, 1], [1, 0, 1, 0, 1], [1, 0, 0, 1, 1]]
mu: [[0.40884772284959403, 0.30228394736919495, 0, 0, 0], [0.5027468437423488, 0.07573745450585923, 0, 0, 0.816566374360512], [0.5829271705094591, 0, 0.15552552511342677, 0, 0.8133071741752337], [0.8667566818376257, 0, 0.5751637238382956, 0, 0.14457558981472574], [0.5524526062820437, 0, 0, 0.146098652083276, 0.7889884360129985]]
h: [0.26307336730246855, 0.4776266247235208, 0.2004732347006466, 0.9062843248572278, 0.22623770711782465]
init_queues: [0, 0, 0, 0, 0]
queue_event_options: null
train_T: 30000
test_T: 50000
num_pool: 1
